2 0.21728125 0.5252638888888889 0.020554687499999957 0.03793055555555548
2 0.226859375 0.575375 0.0216796875 0.03654166666666659
2 0.297140625 0.6931388888888889 0.02073437499999997 0.039000000000000055
2 0.7102578125 0.5064722222222222 0.022398437500000055 0.0335972222222223
2 0.2470546875 0.5561944444444444 0.02003124999999999 0.033736111111111064
2 0.2275390625 0.6176111111111111 0.01930468750000003 0.03676388888888893
2 0.2507265625 0.6288055555555556 0.019007812500000033 0.03168055555555548
2 0.722953125 0.5368611111111111 0.02042968750000007 0.03525
2 0.327640625 0.6874444444444444 0.021937500000000033 0.039791666666666635
2 0.6652109375 0.6347916666666666 0.020796874999999916 0.03298611111111111
2 0.42153124999999997 0.7473888888888889 0.02364062499999999 0.038305555555555454
0 0.22683593750000003 0.2465277777777778 0.03332812499999997 0.07394444444444445
2 0.44564062499999996 0.7649583333333333 0.021031250000000057 0.03738888888888899
3 0.381 0.43306944444444445 0.05014062499999996 0.13129166666666664
2 0.5146484375 0.6519027777777778 0.022468749999999992 0.03820833333333332
2 0.38585156249999997 0.6540694444444445 0.0205078125 0.033861111111111106
2 0.44018750000000006 0.6458333333333334 0.020023437500000085 0.034722222222222224
2 0.47006249999999994 0.7436944444444445 0.02014843749999997 0.03644444444444446
2 0.550984375 0.6100138888888889 0.021382812499999914 0.03873611111111109
1 0.5026015625 0.5611111111111111 0.03958593750000006 0.07777777777777778
1 0.38828125 0.5708333333333333 0.040101562499999986 0.08240277777777784
1 0.44397656249999995 0.41020833333333334 0.034164062500000016 0.07201388888888892
1 0.40485156250000004 0.5332361111111111 0.03739062499999997 0.08431944444444449
1 0.5089296875 0.5243055555555556 0.03236718750000005 0.07440277777777785
3 0.6017578125 0.16112500000000002 0.05186718750000008 0.12219444444444442
2 0.4544921875 0.7302083333333333 0.020703125 0.03680555555555556
0 0.3953125 0.49895833333333334 0.04375 0.05625
2 0.4025625 0.6543194444444445 0.020398437499999967 0.03549999999999993