2 0.6654609375 0.6367777777777778 0.019187499999999958 0.03704166666666661
2 0.21728125 0.5252638888888889 0.020554687499999957 0.03793055555555548
2 0.2288125 0.5727777777777777 0.0216796875 0.03654166666666659
2 0.2966328125 0.6912916666666666 0.01953125 0.039000000000000055
2 0.41165624999999995 0.7729444444444444 0.020835937500000058 0.03174999999999986
2 0.6790078125 0.39131944444444444 0.02058593749999993 0.03780555555555559
2 0.725453125 0.5034444444444445 0.01960937499999993 0.03261111111111114
2 0.4927578125 0.7604166666666666 0.021976562500000085 0.03469444444444447
2 0.47494531249999994 0.7513611111111111 0.01875 0.032402777777777676
2 0.3972343749999999 0.6570833333333334 0.020281249999999983 0.03780555555555559
2 0.2470546875 0.5524861111111111 0.02003124999999999 0.033736111111111064
2 0.5695859375000001 0.7073472222222222 0.020835937500000058 0.03587500000000006
0 0.23331249999999998 0.24656944444444445 0.035554687499999994 0.07695833333333336
2 0.2290078125 0.615 0.01930468750000003 0.03676388888888893
2 0.6172734375 0.5572916666666666 0.01930468750000003 0.03512499999999995
2 0.538828125 0.7643055555555555 0.01975781249999997 0.03512499999999995
2 0.2297734375 0.4021111111111111 0.015625 0.03350000000000001
2 0.43889843749999996 0.6476805555555555 0.02008593750000003 0.034722222222222224
3 0.6466640625 0.18845833333333334 0.053828125000000074 0.12366666666666669
1 0.6364375 0.38343055555555555 0.046320312499999974 0.08036111111111113
1 0.584265625 0.5049583333333333 0.042414062499999974 0.08134722222222229
1 0.4008828125 0.5651527777777778 0.034039062499999995 0.08234722222222217
1 0.5786796875 0.46676388888888887 0.042414062499999974 0.08036111111111113
1 0.252234375 0.34970833333333334 0.0390625 0.07019444444444448
1 0.6146796875 0.3888888888888889 0.046320312499999974 0.07737500000000001
1 0.41127343749999995 0.5362083333333333 0.03682812500000003 0.08234722222222217
1 0.45005468750000005 0.41790277777777773 0.034601562499999974 0.07787500000000007
1 0.27703125 0.4077361111111111 0.042617187499999966 0.07837499999999993
3 0.2878984375 0.3315555555555556 0.05518749999999999 0.14236111111111116
1 0.5967890625 0.40008333333333335 0.04600781250000008 0.07793055555555557
2 0.2365703125 0.42275 0.015140624999999996 0.029513888888888888
1 0.29365625 0.40195833333333336 0.042281250000000006 0.07679166666666662