2 0.21728125 0.5252638888888889 0.020554687499999957 0.03793055555555548
2 0.226859375 0.575375 0.0216796875 0.03654166666666659
2 0.297140625 0.6931388888888889 0.02073437499999997 0.039000000000000055
2 0.7102578125 0.5064722222222222 0.022398437500000055 0.0335972222222223
2 0.2470546875 0.5561944444444444 0.02003124999999999 0.033736111111111064
2 0.22650781250000002 0.6176111111111111 0.023828125 0.03676388888888893
2 0.2505234375 0.6299027777777777 0.023531250000000004 0.03679166666666668
2 0.722953125 0.5368611111111111 0.02042968750000007 0.03525
2 0.327640625 0.6874444444444444 0.021937500000000033 0.039791666666666635
2 0.66459375 0.6358888888888888 0.0228515625 0.03809722222222215
2 0.42153124999999997 0.7473888888888889 0.02364062499999999 0.038305555555555454
0 0.22683593750000003 0.2465277777777778 0.03332812499999997 0.07394444444444445
2 0.44564062499999996 0.7649583333333333 0.021031250000000057 0.03738888888888899
2 0.5098281250000001 0.6525972222222223 0.022468749999999992 0.03820833333333332
2 0.39571093749999997 0.6527638888888889 0.0205078125 0.03463888888888896
1 0.40412499999999996 0.577 0.03446093749999997 0.07777777777777778
2 0.475328125 0.7467916666666667 0.023304687499999942 0.04066666666666663
2 0.47234375 0.8006666666666666 0.022562500000000086 0.03648611111111109
2 0.399203125 0.7291666666666666 0.020953124999999996 0.03426388888888899
1 0.44594531249999997 0.40493055555555557 0.03855468749999993 0.07956944444444439
3 0.6632734375 0.230875 0.06487499999999997 0.13788888888888892
2 0.5553359375 0.6060972222222222 0.022132812499999942 0.03626388888888891
2 0.44140625 0.6504583333333334 0.02170312499999998 0.041666666666666664
1 0.5170234375 0.5667916666666666 0.03875781249999992 0.07793055555555557
1 0.52665625 0.5363611111111111 0.040437499999999994 0.0808888888888889
1 0.40371875 0.5449305555555556 0.03078906250000002 0.07516666666666667
3 0.5027578125 0.33741666666666664 0.07444531249999997 0.14052777777777775