2 0.473953125 0.7649305555555556 0.023695312499999944 0.03958333333333333
2 0.2200546875 0.5339583333333333 0.01732031249999997 0.03448611111111117
2 0.5955703125 0.6649305555555556 0.021875 0.040041666666666725
2 0.440234375 0.6557916666666667 0.021875 0.04120833333333328
3 0.6450703125 0.16458333333333333 0.053359374999999966 0.13095833333333337
2 0.51475 0.6645972222222222 0.023828125 0.04097222222222222
2 0.3029296875 0.6637777777777778 0.020960937500000033 0.037263888888888944
2 0.3379609375 0.6107638888888889 0.023304687500000032 0.039124999999999945
2 0.23209375 0.5814861111111111 0.01861718750000003 0.03194444444444444
2 0.5571953125 0.6314166666666666 0.019140625 0.03797222222222227
2 0.2657578125 0.4684027777777778 0.020835937499999967 0.03680555555555556
3 0.3827890625 0.5292222222222223 0.05679687500000004 0.1345277777777778
2 0.2319375 0.41406944444444443 0.015625 0.03125
2 0.40103906250000004 0.66875 0.017859374999999966 0.03273611111111118
2 0.2953671875 0.567125 0.01617968750000003 0.02976388888888882
0 0.2317734375 0.25231944444444443 0.03021093749999997 0.07129166666666664
2 0.6192734375 0.5768472222222222 0.01875 0.04073611111111117
1 0.6421875 0.4083333333333333 0.04271093750000006 0.07777777777777778
1 0.578125 0.5282361111111111 0.040625 0.08611111111111111
1 0.49664843750000004 0.5952361111111111 0.035710937500000026 0.07737500000000005
1 0.40736718749999995 0.5902777777777778 0.035710937500000026 0.07936111111111109
2 0.6796875 0.4050972222222222 0.01735937500000002 0.038583333333333296