2 0.21728125 0.5252638888888889 0.020554687499999957 0.03793055555555548
2 0.226859375 0.575375 0.0216796875 0.03654166666666659
2 0.2961640625 0.6940138888888889 0.02073437499999997 0.039000000000000055
2 0.7102578125 0.5078611111111111 0.022398437500000055 0.036375000000000074
2 0.2465703125 0.5553194444444445 0.02003124999999999 0.033736111111111064
2 0.22650781250000002 0.6176111111111111 0.023828125 0.03676388888888893
2 0.2505234375 0.6299027777777777 0.023531250000000004 0.03679166666666668
2 0.722953125 0.5407222222222222 0.02042968750000007 0.0429722222222223
2 0.327640625 0.6874444444444444 0.021937500000000033 0.039791666666666635
2 0.66459375 0.6358888888888888 0.0228515625 0.03809722222222215
2 0.4759375 0.7479166666666667 0.021031250000000057 0.03738888888888899
2 0.5156953125 0.6525972222222223 0.022468749999999992 0.03820833333333332
2 0.399203125 0.7291666666666666 0.020953124999999996 0.03426388888888899
2 0.39003125 0.6536527777777777 0.022132812499999988 0.03549999999999993
0 0.2255859375 0.24479166666666666 0.0322265625 0.0763888888888889
2 0.44400781250000004 0.7683194444444446 0.0244140625 0.039069444444444594
2 0.42115625 0.7471944444444445 0.0244140625 0.039069444444444594
2 0.47143750000000006 0.8003472222222222 0.021976562500000085 0.036458333333333336
0 0.6125468749999999 0.19922222222222222 0.04248437500000009 0.07899999999999999
3 0.5658828125 0.18611111111111112 0.053648437500000055 0.12777777777777777
3 0.26849218750000003 0.27545833333333336 0.0421875 0.1157361111111111
2 0.2799453125 0.3013888888888889 0.0234375 0.03426388888888891
2 0.5502578125 0.6087916666666666 0.0203125 0.03611111111111111
2 0.4403671875 0.6458333333333334 0.021351562499999942 0.03795833333333339
1 0.412109375 0.40702777777777777 0.02907812500000002 0.07330555555555551
1 0.4494375 0.4224583333333334 0.03168749999999996 0.07330555555555551
1 0.48719531250000003 0.4170555555555555 0.033421874999999976 0.07176388888888884
1 0.40190625 0.5196805555555556 0.03385156249999999 0.07793055555555557
1 0.3943125 0.5740694444444444 0.03255468750000001 0.07716666666666674
1 0.412546875 0.5432083333333334 0.03168749999999996 0.08179166666666665
1 0.5047734375 0.5806388888888889 0.033851562499999946 0.07330555555555551
1 0.5145390625 0.5420555555555555 0.03428906250000008 0.0763888888888889