2 0.657328125 0.6439722222222223 0.02265625 0.03781944444444447
2 0.2333984375 0.43191666666666667 0.02073437499999997 0.03579166666666664
2 0.30384375 0.6581666666666667 0.021515624999999972 0.03611111111111111
2 0.2936171875 0.571875 0.017546875000000028 0.030958333333333282
2 0.5146640625 0.6619722222222222 0.02289843749999996 0.0375
2 0.493046875 0.7683055555555555 0.020132812499999986 0.034722222222222224
2 0.21837499999999999 0.5324722222222222 0.020554687499999957 0.03793055555555548
2 0.2317578125 0.5798611111111112 0.01832812500000003 0.03654166666666659
2 0.2643046875 0.4728888888888889 0.01946874999999997 0.03963888888888884
2 0.5539453125 0.6217638888888889 0.020250000000000056 0.033541666666666636
2 0.68153125 0.39820833333333333 0.022359374999999914 0.036972222222222226
2 0.336625 0.6095555555555555 0.01953125 0.039000000000000055
3 0.2959453125 0.26209722222222226 0.055343750000000025 0.12202777777777779
3 0.3982578125 0.6518472222222222 0.046499999999999986 0.09931944444444443
0 0.2325703125 0.2505277777777778 0.03125 0.07586111111111112
2 0.607328125 0.7263888888888889 0.019468750000000055 0.03174999999999994
2 0.6186875 0.5708749999999999 0.024070312499999958 0.04252777777777778
2 0.727765625 0.5146111111111111 0.01863281249999993 0.03419444444444445
3 0.529015625 0.39608333333333334 0.06082812499999992 0.1130972222222222
0 0.609375 0.3381111111111111 0.0439453125 0.0651111111111111
0 0.302 0.273 0.0336953125 0.06684722222222221