2 0.21728125 0.5252638888888889 0.020554687499999957 0.03793055555555548
2 0.226859375 0.575375 0.0216796875 0.03654166666666659
2 0.29774218750000003 0.6931388888888889 0.01953125 0.039000000000000055
2 0.7102578125 0.5064722222222222 0.022398437500000055 0.0335972222222223
2 0.2470546875 0.5561944444444444 0.02003124999999999 0.033736111111111064
2 0.2275390625 0.6176111111111111 0.01930468750000003 0.03676388888888893
2 0.42307812499999997 0.750125 0.024812499999999994 0.04329166666666677
2 0.2507265625 0.6288055555555556 0.019007812500000033 0.03168055555555548
2 0.722953125 0.5368611111111111 0.02042968750000007 0.03525
2 0.327640625 0.6874444444444444 0.021937500000000033 0.039791666666666635
2 0.6645234375 0.6343888888888889 0.023093749999999958 0.03870833333333334
2 0.44921875 0.7380972222222222 0.02120312500000008 0.035708333333333384
2 0.43899999999999995 0.7669166666666666 0.01864062499999992 0.029777777777777854
2 0.44692187499999997 0.7736944444444444 0.01975781249999997 0.0359444444444446
2 0.46778906249999996 0.7505138888888889 0.02072656249999998 0.03718055555555553
3 0.6264765625 0.1876944444444444 0.061281250000000044 0.1421527777777778
1 0.44084375 0.41023611111111113 0.031648437499999994 0.0753055555555556
2 0.3922265625 0.6527777777777778 0.017921874999999997 0.03268055555555552
1 0.3903828125 0.5594583333333334 0.036625 0.0807361111111111
1 0.39192187500000003 0.5335972222222222 0.036625 0.07726388888888888
0 0.22683593750000003 0.2465277777777778 0.03332812499999997 0.07394444444444445
3 0.360171875 0.4376527777777778 0.04649218749999999 0.15476388888888898
1 0.377671875 0.5036527777777777 0.03495312500000001 0.07309722222222222
2 0.43770312499999997 0.6483888888888889 0.020968749999999935 0.03508333333333332