0 0.2344375 0.2568333333333333 0.0322265625 0.0763888888888889
3 0.40953125 0.154375 0.06357812500000004 0.13587499999999997
2 0.23455468750000003 0.5812777777777778 0.023093749999999958 0.03831944444444449
2 0.219203125 0.5339166666666667 0.022953124999999998 0.040805555555555546
2 0.5965390625 0.6587361111111112 0.0234375 0.041666666666666664
2 0.5633359375 0.7276805555555554 0.02399218750000003 0.038694444444444386
2 0.303015625 0.6602222222222223 0.0234375 0.04265277777777783
3 0.6521250000000001 0.19827777777777778 0.07058593749999993 0.1320138888888889
3 0.65653125 0.5402222222222222 0.046320312499999974 0.0990694444444445
3 0.44140625 0.8796250000000001 0.0484375 0.08148611111111122
2 0.6875 0.4157361111111111 0.019789062499999944 0.03704166666666661
2 0.45260156250000005 0.7393472222222223 0.023960937500000057 0.04722222222222222
2 0.40052343749999997 0.6625 0.020835937500000012 0.039819444444444387
2 0.5192890625000001 0.6705694444444444 0.021000000000000085 0.03733333333333333
2 0.6188984375000001 0.5833333333333334 0.020023437500000085 0.03819444444444445
2 0.3046875 0.5737916666666667 0.0205078125 0.043402777777777776
2 0.55440625 0.6319444444444444 0.02288281249999997 0.037694444444444426
2 0.44252343749999995 0.6592222222222222 0.02232031249999995 0.036708333333333266
2 0.6481953125000001 0.5108472222222222 0.016109374999999915 0.03211111111111112