2 0.21728125 0.5252638888888889 0.020554687499999957 0.03793055555555548
2 0.226859375 0.575375 0.0216796875 0.03654166666666659
2 0.29774218750000003 0.6931388888888889 0.01953125 0.039000000000000055
2 0.7102578125 0.5064722222222222 0.022398437500000055 0.0335972222222223
2 0.46340624999999996 0.7348472222222223 0.023054687499999994 0.032402777777777676
2 0.2470546875 0.5561944444444444 0.02003124999999999 0.033736111111111064
2 0.2275390625 0.6176111111111111 0.01930468750000003 0.03676388888888893
2 0.42307812499999997 0.750125 0.024812499999999994 0.04329166666666677
2 0.2507265625 0.6288055555555556 0.019007812500000033 0.03168055555555548
0 0.2317890625 0.25963888888888886 0.03271875 0.07899999999999999
2 0.473984375 0.7666944444444445 0.02176562499999992 0.03355555555555567
2 0.722953125 0.5368611111111111 0.02042968750000007 0.03525
2 0.327640625 0.6874444444444444 0.021937500000000033 0.039791666666666635
2 0.6645234375 0.6343888888888889 0.021140624999999958 0.03350000000000001
3 0.4578515625 0.10758333333333332 0.06403906250000002 0.141625
2 0.5021640625 0.6543194444444445 0.021000000000000085 0.03559722222222222
3 0.2289453125 0.22845833333333335 0.04289062499999998 0.12934722222222222
3 0.45735937499999996 0.7921666666666667 0.03666406250000005 0.0836527777777778