2 0.657328125 0.6439722222222223 0.02265625 0.03781944444444447
2 0.233890625 0.42670833333333336 0.02073437499999997 0.03579166666666664
2 0.30384375 0.6581666666666667 0.021515624999999972 0.03611111111111111
2 0.29605468749999997 0.5684027777777778 0.017546875000000028 0.030958333333333282
2 0.5146640625 0.6619722222222222 0.02289843749999996 0.0375
2 0.493046875 0.7683055555555555 0.020132812499999986 0.034722222222222224
2 0.21935156249999999 0.5298611111111111 0.020554687499999957 0.03793055555555548
2 0.40159374999999997 0.6675277777777778 0.019289062500000044 0.03611111111111111
2 0.2317578125 0.5798611111111112 0.01832812500000003 0.03654166666666659
2 0.2657734375 0.4685416666666667 0.01946874999999997 0.03963888888888884
2 0.5539453125 0.6217638888888889 0.020250000000000056 0.033541666666666636
2 0.68153125 0.39820833333333333 0.022359374999999914 0.036972222222222226
2 0.336625 0.6095555555555555 0.01953125 0.039000000000000055
3 0.6819296875 0.20045833333333335 0.04900000000000002 0.12202777777777779
3 0.660953125 0.47215277777777775 0.07482031249999999 0.1097361111111111
0 0.2325703125 0.2505277777777778 0.03125 0.07586111111111112
2 0.2867734375 0.53975 0.015070312499999971 0.03175000000000002
2 0.68778125 0.4350277777777778 0.02064843750000005 0.034722222222222224
2 0.47385937499999997 0.7585416666666667 0.01863281249999993 0.03419444444444429
3 0.6208125 0.2172638888888889 0.06082812499999992 0.11309722222222224
2 0.3893203125 0.6412083333333334 0.021351562500000032 0.041666666666666664