0 0.2344375 0.2568333333333333 0.0322265625 0.0763888888888889
3 0.3671875 0.249 0.0489296875 0.13587499999999997
2 0.23455468750000003 0.5812777777777778 0.023093749999999958 0.03831944444444449
2 0.219203125 0.5339166666666667 0.022953124999999998 0.040805555555555546
2 0.5965390625 0.6587361111111112 0.0234375 0.041666666666666664
2 0.5633359375 0.7276805555555554 0.02399218750000003 0.038694444444444386
2 0.303015625 0.6602222222222223 0.0234375 0.04265277777777783
3 0.6448671874999999 0.21868055555555554 0.07477343750000003 0.1368472222222222
3 0.57421875 0.7495416666666667 0.0546875 0.09906944444444442
3 0.44140625 0.8796250000000001 0.0484375 0.08148611111111122
2 0.6875 0.4157361111111111 0.019789062499999944 0.03704166666666661
2 0.45260156250000005 0.7393472222222223 0.023960937500000057 0.04722222222222222
2 0.40052343749999997 0.6625 0.020835937500000012 0.039819444444444387