2 0.2352890625 0.4305555555555556 0.017445312500000032 0.03611111111111111
2 0.45299218750000003 0.7405138888888888 0.0203125 0.03565277777777788
2 0.454296875 0.6368055555555555 0.020835937500000058 0.03333333333333333
2 0.6873671875 0.4152777777777778 0.021617187500000058 0.03565277777777772
2 0.3846328125 0.6513888888888889 0.01978906250000003 0.0365694444444445
2 0.5182265625 0.6638888888888889 0.022132812499999942 0.0365694444444445
3 0.6826796875000001 0.17441666666666664 0.059375 0.13124999999999998
2 0.5625 0.7317083333333334 0.021617187500000058 0.03795833333333323
2 0.220703125 0.5340277777777778 0.020054687499999967 0.03704166666666661
2 0.5951796875 0.6625 0.01875 0.03704166666666661
2 0.2359375 0.5798611111111112 0.016148437499999967 0.031013888888888945
2 0.44205468750000004 0.660875 0.021617187500000058 0.03611111111111111
2 0.30169531250000003 0.6594861111111111 0.02239843749999997 0.0375
2 0.40091406249999995 0.6625 0.02369531249999999 0.03888888888888889
2 0.5545546875 0.6298611111111111 0.021351562499999942 0.03565277777777772
2 0.2658828125 0.47129166666666666 0.02057031250000003 0.03565277777777772
2 0.6881484375 0.34329166666666666 0.0203125 0.036569444444444425
2 0.28997656250000003 0.5736111111111111 0.0203125 0.0375
3 0.47890625 0.8680555555555556 0.0515625 0.09166666666666666
3 0.44498437500000004 0.16295833333333332 0.07252343749999994 0.1222222222222222
0 0.23275 0.2552083333333333 0.029296875 0.07754166666666665
3 0.2875 0.6768472222222222 0.0484375 0.09444444444444436