0 0.2344375 0.2568333333333333 0.0322265625 0.0763888888888889
2 0.23455468750000003 0.5812777777777778 0.023093749999999958 0.03831944444444449
2 0.219203125 0.5339166666666667 0.022953124999999998 0.040805555555555546
2 0.5965390625 0.6587361111111112 0.0234375 0.041666666666666664
2 0.520734375 0.6685972222222222 0.02399218750000003 0.043597222222222204
2 0.303015625 0.6602222222222223 0.0234375 0.04265277777777783
3 0.398921875 0.6600277777777778 0.021351562499999987 0.041847222222222216
2 0.6875 0.4157361111111111 0.019789062499999944 0.03704166666666661
2 0.6188984375000001 0.5833333333333334 0.020023437500000085 0.03819444444444445
2 0.3046875 0.5737916666666667 0.0205078125 0.043402777777777776
2 0.55440625 0.6319444444444444 0.02288281249999997 0.037694444444444426
2 0.44252343749999995 0.6592222222222222 0.02232031249999995 0.036708333333333266
2 0.6424453125 0.5101805555555555 0.022398437500000055 0.03518055555555561
1 0.6428203124999999 0.4318611111111111 0.04639062500000009 0.0807361111111111
1 0.59375 0.5916666666666667 0.040625 0.08333333333333333
1 0.5015625 0.6074027777777777 0.03541406249999994 0.07962500000000006
1 0.39296875 0.5888888888888889 0.040101562499999986 0.0851805555555556
0 0.3074765625 0.5119027777777778 0.04520312500000001 0.07936111111111109
1 0.6243671875000001 0.4388888888888889 0.04635156249999994 0.08148611111111105
1 0.571875 0.5634305555555555 0.03853906249999994 0.08611111111111111
1 0.4809609375 0.563375 0.033203125 0.078125
1 0.41245312500000003 0.5620972222222222 0.03630468750000002 0.08006944444444442
3 0.631609375 0.211 0.052820312499999925 0.15166666666666664
1 0.336765625 0.5072361111111111 0.04271093749999997 0.08333333333333333
1 0.42490625 0.4278472222222222 0.04053125000000009 0.08944444444444441
1 0.6091015625 0.43625 0.048710937499999926 0.08169444444444451
3 0.48949999999999994 0.7575694444444445 0.05752343750000009 0.11555555555555562
1 0.57659375 0.5346527777777778 0.0390625 0.08247222222222221
2 0.5632343750000001 0.7278611111111111 0.023929687500000085 0.037333333333333406
3 0.40315625 0.3743194444444444 0.059453124999999975 0.13937500000000003
2 0.5012187499999999 0.6766527777777778 0.020023437500000085 0.03559722222222222
1 0.4969453125 0.5265555555555556 0.044343749999999994 0.05741666666666671
0 0.6354296875000001 0.276875 0.03630468750000002 0.08501388888888886
2 0.4536171875 0.7413194444444444 0.021484375 0.03819444444444445
1 0.48784375 0.43943055555555555 0.037328124999999976 0.08255555555555563