2 0.6654609375 0.6367777777777778 0.019187499999999958 0.03704166666666661
2 0.21874218750000002 0.5270138888888889 0.020554687499999957 0.03793055555555548
2 0.2293046875 0.5753888888888888 0.0216796875 0.03654166666666659
2 0.299078125 0.6965 0.01953125 0.03899999999999998
2 0.41165624999999995 0.7772916666666666 0.020835937500000058 0.03174999999999986
2 0.6795 0.39652777777777776 0.02058593749999993 0.03780555555555559
2 0.7272890624999999 0.5067083333333333 0.01960937499999993 0.03261111111111114
2 0.49421875000000004 0.7612777777777778 0.021976562500000085 0.03469444444444447
2 0.47592187499999994 0.7530972222222222 0.01875 0.032402777777777676
2 0.3972343749999999 0.6614166666666667 0.020281249999999983 0.03780555555555559
2 0.24802343750000003 0.5542222222222223 0.02003124999999999 0.033736111111111064
2 0.5715390625000001 0.7108194444444444 0.020835937500000058 0.03587500000000006
0 0.23331249999999998 0.2509166666666667 0.035554687499999994 0.07695833333333336
2 0.2294921875 0.6193333333333334 0.01930468750000003 0.03676388888888893
2 0.6162890625 0.5633611111111111 0.01930468750000003 0.03512499999999995
2 0.538828125 0.7643055555555555 0.01975781249999997 0.03512499999999995
2 0.22830468750000002 0.39951388888888884 0.015625 0.03350000000000001
2 0.44085156249999996 0.6502916666666666 0.02008593750000003 0.034722222222222224
3 0.6813515625 0.1726111111111111 0.06138281249999995 0.13690277777777776
1 0.6364375 0.38343055555555555 0.046320312499999974 0.08036111111111113
1 0.584265625 0.5049583333333333 0.042414062499999974 0.08134722222222229
1 0.40317968750000005 0.5659722222222222 0.034039062499999995 0.08234722222222217
1 0.5786796875 0.46676388888888887 0.042414062499999974 0.08036111111111113
1 0.275671875 0.3844305555555556 0.0390625 0.08234722222222221
1 0.6146796875 0.3888888888888889 0.046320312499999974 0.07737500000000001
1 0.41127343749999995 0.5362083333333333 0.03682812500000003 0.08234722222222217
1 0.45200781250000005 0.4196388888888889 0.034601562499999974 0.08134722222222229
1 0.2846015625 0.3764861111111111 0.032367187499999964 0.07837499999999997
3 0.49944531249999996 0.8318472222222222 0.04799218750000005 0.0644861111111112
1 0.5967890625 0.40008333333333335 0.04600781250000008 0.07793055555555557