2 0.6650234375 0.6426666666666667 0.02265625 0.03781944444444447
2 0.28065625 0.658625 0.021515624999999972 0.03611111111111111
2 0.4432421875 0.6520972222222222 0.01899218749999996 0.034527777777777796
2 0.219203125 0.5289444444444444 0.020554687499999957 0.03793055555555548
2 0.23114062500000002 0.5827361111111111 0.0216796875 0.03654166666666659
2 0.2487421875 0.5620138888888888 0.01946874999999997 0.037194444444444405
2 0.2995390625 0.7006388888888888 0.01953125 0.039000000000000055
2 0.4134921875 0.784638888888889 0.020835937500000058 0.03174999999999986
2 0.6789453125 0.3985138888888889 0.02058593749999993 0.03780555555555559
2 0.72840625 0.5106805555555556 0.01960937499999993 0.03261111111111114
2 0.4937578125 0.770263888888889 0.021976562500000085 0.03469444444444447
2 0.47592187499999994 0.7588194444444445 0.01875 0.032402777777777676
2 0.39171875 0.6695833333333334 0.02028125000000003 0.03780555555555559
1 0.439640625 0.4284722222222222 0.03069531249999997 0.07540277777777772
1 0.298828125 0.38829166666666665 0.03962500000000002 0.07308333333333333
2 0.2317421875 0.42834722222222227 0.02003124999999999 0.033736111111111064
1 0.2838515625 0.39429166666666665 0.03992968750000001 0.07252777777777782
1 0.42274218750000003 0.5443749999999999 0.03818750000000008 0.08101388888888894
1 0.404515625 0.5709861111111111 0.03559374999999996 0.08179166666666665
2 0.5729140625 0.7181666666666667 0.020835937500000058 0.035874999999999976
1 0.41176562499999997 0.5130833333333333 0.03400781249999998 0.08333333333333333
3 0.69784375 0.22508333333333333 0.06571874999999991 0.1413333333333333
1 0.47495312500000003 0.4227916666666667 0.032624999999999994 0.07598611111111116
1 0.4083203125 0.4211666666666667 0.029875000000000006 0.0776111111111111
1 0.3782109375 0.4182916666666667 0.033085937500000016 0.07843055555555559
3 0.37385156249999996 0.606625 0.05192968750000002 0.13808333333333328
0 0.234375 0.2532638888888889 0.03400781249999998 0.07188888888888888
2 0.6075390625 0.7201805555555555 0.01930468750000003 0.03676388888888893
2 0.6176484375 0.5665833333333333 0.01930468750000003 0.03512499999999995
2 0.53975 0.7724722222222221 0.01975781249999997 0.03512499999999995