2 0.45180468749999997 0.7421805555555555 0.019101562500000037 0.03223611111111116
2 0.2200546875 0.5339583333333333 0.01732031249999997 0.03448611111111117
2 0.594421875 0.6624861111111111 0.020500000000000008 0.035138888888888824
2 0.4413828125 0.6594722222222222 0.019578124999999957 0.033861111111111106
3 0.6707578125 0.16602777777777777 0.06800781249999996 0.12166666666666666
2 0.51796875 0.6654166666666667 0.02107031250000002 0.03606944444444448
2 0.3029296875 0.6582222222222223 0.020960937500000033 0.037263888888888944
2 0.3834609375 0.6520277777777778 0.017789062499999987 0.03504166666666669
2 0.2348515625 0.5806666666666667 0.01861718750000003 0.03194444444444444
2 0.5544374999999999 0.6314166666666666 0.019140625 0.03797222222222227
2 0.2657578125 0.4684027777777778 0.020835937499999967 0.03680555555555556
2 0.40103906250000004 0.6654861111111111 0.017859374999999966 0.03273611111111118
2 0.289390625 0.5728472222222222 0.01617968750000003 0.02976388888888882
0 0.2317734375 0.25231944444444443 0.03021093749999997 0.07129166666666664
2 0.6883125 0.34381944444444446 0.01909375000000004 0.03350000000000001
3 0.48089843749999994 0.8712361111111111 0.055906249999999956 0.09037499999999991
3 0.43921093750000006 0.1371666666666667 0.0689453125 0.12077777777777779
3 0.272921875 0.5948611111111112 0.049249999999999974 0.0970277777777778
2 0.23483593749999998 0.42891666666666667 0.015625 0.03268055555555552
2 0.6870390625 0.4162638888888889 0.01930468750000003 0.03350000000000001
2 0.5613515625 0.7295694444444444 0.01975781249999997 0.03758333333333326
2 0.45358593750000004 0.6360277777777777 0.020218750000000084 0.03676388888888893