2 0.473953125 0.7649305555555556 0.023695312499999944 0.03958333333333333
2 0.2200546875 0.5339583333333333 0.01732031249999997 0.03448611111111117
2 0.5955703125 0.6649305555555556 0.021875 0.040041666666666725
2 0.440234375 0.6557916666666667 0.021875 0.04120833333333328
3 0.568734375 0.2542638888888889 0.06800781249999996 0.10043055555555556
2 0.51475 0.6645972222222222 0.023828125 0.04097222222222222
2 0.3029296875 0.6582222222222223 0.020960937500000033 0.037263888888888944
2 0.3379609375 0.6107638888888889 0.023304687500000032 0.039124999999999945
2 0.23209375 0.5814861111111111 0.01861718750000003 0.03194444444444444
2 0.5571953125 0.6314166666666666 0.019140625 0.03797222222222227
2 0.2657578125 0.4684027777777778 0.020835937499999967 0.03680555555555556
2 0.40103906250000004 0.66875 0.017859374999999966 0.03273611111111118
2 0.2953671875 0.567125 0.01617968750000003 0.02976388888888882
0 0.2317734375 0.25231944444444443 0.03021093749999997 0.07129166666666664
2 0.6192734375 0.5768472222222222 0.01875 0.04073611111111117
1 0.6421875 0.4083333333333333 0.04271093750000006 0.07777777777777778
1 0.578125 0.5282361111111111 0.040625 0.08611111111111111
1 0.49664843750000004 0.5952361111111111 0.035710937500000026 0.07737500000000005
1 0.40736718749999995 0.5902777777777778 0.035710937500000026 0.07936111111111109
0 0.32135156249999997 0.5152777777777777 0.04271093749999997 0.08611111111111111
1 0.6169296875 0.4143472222222222 0.044273437500000054 0.08055555555555556
1 0.5518203125000001 0.5060138888888889 0.0390625 0.07684722222222228
1 0.4829140625 0.5516527777777778 0.0322265625 0.07726388888888888
1 0.44369531249999994 0.41075 0.030726562499999943 0.07406944444444451
1 0.3966171875 0.5467638888888889 0.038023437499999965 0.08055555555555556
2 0.6814218750000001 0.4050972222222222 0.01909375000000004 0.041666666666666664
1 0.3255234375 0.4756944444444444 0.04296875 0.07870833333333328
3 0.4569375 0.8402222222222223 0.062156249999999955 0.1042638888888888
1 0.5529531249999999 0.4760833333333333 0.044273437500000054 0.06481944444444439
1 0.483390625 0.41104166666666664 0.03333593750000006 0.07870833333333328
1 0.40387500000000004 0.4148888888888889 0.03697656249999999 0.08055555555555556
3 0.497578125 0.27115277777777774 0.0689453125 0.12077777777777775
3 0.3356796875 0.7819027777777778 0.043523437500000026 0.08036111111111097
2 0.23253906249999998 0.42647222222222225 0.015625 0.03268055555555552