2 0.21728125 0.5252638888888889 0.020554687499999957 0.03793055555555548
2 0.226859375 0.575375 0.0216796875 0.03654166666666659
2 0.297140625 0.6931388888888889 0.02073437499999997 0.039000000000000055
2 0.7102578125 0.5064722222222222 0.022398437500000055 0.0335972222222223
2 0.2470546875 0.5561944444444444 0.02003124999999999 0.033736111111111064
2 0.22650781250000002 0.6176111111111111 0.023828125 0.03676388888888893
2 0.2505234375 0.6299027777777777 0.023531250000000004 0.03679166666666668
2 0.722953125 0.5368611111111111 0.02042968750000007 0.03525
2 0.327640625 0.6874444444444444 0.021937500000000033 0.039791666666666635
2 0.66459375 0.6358888888888888 0.0228515625 0.03809722222222215
2 0.42153124999999997 0.7473888888888889 0.02364062499999999 0.038305555555555454
0 0.22683593750000003 0.2465277777777778 0.03332812499999997 0.07394444444444445
2 0.44564062499999996 0.7649583333333333 0.021031250000000057 0.03738888888888899
3 0.352 0.6089583333333333 0.050484375000000005 0.13430555555555562
2 0.5098281250000001 0.6525972222222223 0.022468749999999992 0.03820833333333332
2 0.385296875 0.6546944444444445 0.0205078125 0.033861111111111106
2 0.44018750000000006 0.6458333333333334 0.020023437500000085 0.034722222222222224
2 0.47640625 0.74725 0.02210156249999997 0.038180555555555565
1 0.38828125 0.5708333333333333 0.040101562499999986 0.08240277777777784
1 0.477 0.4133611111111111 0.034164062500000016 0.07201388888888892
1 0.40485156250000004 0.5332361111111111 0.03739062499999997 0.08431944444444449
2 0.4544921875 0.7302083333333333 0.020703125 0.03680555555555556
1 0.396109375 0.5155694444444444 0.0447265625 0.060583333333333336
2 0.47234375 0.8006666666666666 0.022562500000000086 0.03648611111111109
2 0.40267187499999996 0.6550972222222222 0.019218749999999972 0.031180555555555618
1 0.44275000000000003 0.40591666666666665 0.03334375000000005 0.07725000000000001
1 0.376234375 0.40775 0.03125 0.07163888888888895
3 0.5810859374999999 0.17772222222222223 0.05583593750000002 0.10733333333333334
1 0.4140625 0.4100833333333333 0.03125 0.07455555555555549
3 0.458859375 0.6792361111111112 0.05398437499999993 0.08138888888888893