2 0.21728125 0.5252638888888889 0.020554687499999957 0.03793055555555548
2 0.226859375 0.575375 0.0216796875 0.03654166666666659
2 0.29774218750000003 0.6931388888888889 0.01953125 0.039000000000000055
2 0.7102578125 0.5064722222222222 0.022398437500000055 0.0335972222222223
2 0.2470546875 0.5561944444444444 0.02003124999999999 0.033736111111111064
2 0.2275390625 0.6176111111111111 0.01930468750000003 0.03676388888888893
2 0.42307812499999997 0.750125 0.024812499999999994 0.04329166666666677
2 0.2507265625 0.6288055555555556 0.019007812500000033 0.03168055555555548
0 0.230671875 0.24972222222222223 0.03271875 0.07899999999999999
2 0.722953125 0.5368611111111111 0.02042968750000007 0.03525
2 0.327640625 0.6874444444444444 0.021937500000000033 0.039791666666666635
2 0.6645234375 0.6343888888888889 0.021140624999999958 0.03350000000000001
2 0.467359375 0.7313333333333333 0.021000000000000085 0.03559722222222238
1 0.49175781250000006 0.5589305555555556 0.03295312500000005 0.07708333333333334
2 0.4861484375 0.7345277777777778 0.021304687499999985 0.035986111111111226
2 0.4763828125 0.7660972222222223 0.021664062500000015 0.03219444444444453
2 0.51328125 0.6413194444444444 0.021875 0.03958333333333333
3 0.435765625 0.3626527777777778 0.06024218749999992 0.13795833333333335
1 0.45278124999999997 0.41126388888888893 0.03559374999999996 0.08101388888888894
1 0.504796875 0.5284027777777778 0.030898437499999966 0.07701388888888895
1 0.49547656250000005 0.5003611111111111 0.03289843749999992 0.07383333333333329
3 0.6268515625 0.2510972222222222 0.05221874999999994 0.13962500000000005