0 0.2344375 0.2568333333333333 0.0322265625 0.0763888888888889
3 0.5 0.16659722222222223 0.06976562499999997 0.13587500000000002
2 0.45182031250000004 0.7388888888888889 0.021351562499999942 0.03888888888888889
2 0.23455468750000003 0.5812777777777778 0.023093749999999958 0.03831944444444449
2 0.320453125 0.32731944444444444 0.01910937500000003 0.03334722222222221
2 0.219203125 0.5339166666666667 0.022953124999999998 0.040805555555555546
2 0.5965390625 0.6587361111111112 0.0234375 0.041666666666666664
2 0.5633359375 0.7276805555555554 0.02399218750000003 0.038694444444444386
2 0.303015625 0.6602222222222223 0.0234375 0.04265277777777783
3 0.6774218750000001 0.20572222222222222 0.08258593750000003 0.1479583333333333
2 0.68778125 0.4156805555555556 0.01729687500000008 0.03175000000000002