2 0.6654609375 0.6367777777777778 0.019187499999999958 0.03704166666666661
2 0.21728125 0.5252638888888889 0.020554687499999957 0.03793055555555548
2 0.226859375 0.575375 0.0216796875 0.03654166666666659
2 0.29871875000000003 0.6931388888888889 0.01953125 0.039000000000000055
2 0.6790078125 0.39131944444444444 0.02058593749999993 0.03780555555555559
2 0.7114609375 0.5064722222222222 0.022398437500000055 0.0335972222222223
2 0.4883671875 0.7311527777777778 0.021976562500000085 0.03469444444444447
2 0.46804687500000003 0.7289166666666668 0.01875 0.032402777777777676
2 0.2470546875 0.5524861111111111 0.02003124999999999 0.033736111111111064
2 0.2290078125 0.615 0.01930468750000003 0.03676388888888893
2 0.6157109375 0.5582222222222223 0.01930468750000003 0.03512499999999995
2 0.4007109375 0.6508333333333334 0.01975781249999997 0.03512499999999995
2 0.2297734375 0.4021111111111111 0.015625 0.03350000000000001
3 0.6322656249999999 0.17043055555555556 0.04849218749999995 0.13323611111111114
2 0.2348984375 0.4088611111111111 0.015140624999999996 0.029513888888888888
2 0.2507265625 0.6288055555555556 0.019007812500000033 0.03168055555555548
2 0.478515625 0.765375 0.02510937500000008 0.03670833333333342
0 0.2302265625 0.25130555555555556 0.03271875 0.07899999999999999
2 0.5537109375 0.6063333333333334 0.0185546875 0.030388888888888882
2 0.522953125 0.6467083333333333 0.0205078125 0.03298611111111111
2 0.4375 0.6506111111111111 0.0205078125 0.032124999999999994
1 0.6302109375 0.3900416666666666 0.044273437500000054 0.07947222222222226
1 0.5813828125 0.5077222222222222 0.03949999999999996 0.08333333333333333
1 0.497609375 0.5721388888888889 0.037757812499999946 0.08411111111111119
1 0.3998125 0.573125 0.036765624999999955 0.08251388888888884
1 0.261234375 0.37543055555555555 0.0380859375 0.07899999999999999
1 0.613 0.39037499999999997 0.04408593750000005 0.08234722222222221
1 0.45660156250000006 0.4075138888888889 0.03203125 0.07363888888888886
1 0.5788593750000001 0.47179166666666666 0.04150781250000009 0.07726388888888888
1 0.5053046875 0.5317500000000001 0.039617187500000026 0.07936111111111109
1 0.4203125 0.5324027777777778 0.034375 0.07962500000000006
3 0.578984375 0.218 0.06770312500000006 0.11454166666666664
1 0.2759453125 0.37897222222222227 0.041851562500000036 0.07737500000000001
3 0.6668515625 0.4955416666666667 0.042414062499999974 0.07837499999999993