2 0.21728125 0.5252638888888889 0.020554687499999957 0.03793055555555548
2 0.226859375 0.575375 0.0216796875 0.03654166666666659
2 0.297140625 0.6931388888888889 0.02073437499999997 0.039000000000000055
2 0.7102578125 0.5064722222222222 0.022398437500000055 0.0335972222222223
2 0.2470546875 0.5561944444444444 0.02003124999999999 0.033736111111111064
2 0.2275390625 0.6176111111111111 0.01930468750000003 0.03676388888888893
2 0.2507265625 0.6288055555555556 0.019007812500000033 0.03168055555555548
2 0.722953125 0.5368611111111111 0.02042968750000007 0.03525
2 0.327640625 0.6874444444444444 0.021937500000000033 0.039791666666666635
2 0.6652109375 0.6347916666666666 0.020796874999999916 0.03298611111111111
2 0.42265625 0.7492083333333333 0.02120312500000008 0.035708333333333384
0 0.22683593750000003 0.2465277777777778 0.03332812499999997 0.07394444444444445
1 0.49253125000000003 0.5641944444444444 0.03110937499999995 0.08001388888888891
2 0.39425 0.6587361111111112 0.018414062499999995 0.035708333333333384
1 0.40144531250000004 0.5646388888888889 0.033656249999999985 0.08012499999999992
2 0.512015625 0.6474305555555555 0.02042968750000007 0.03845833333333341
2 0.44681249999999995 0.7719027777777777 0.021031250000000057 0.03738888888888899
1 0.5 0.5268472222222222 0.03229687499999993 0.07408333333333338
3 0.46867187499999996 0.6133055555555555 0.05337499999999995 0.13295833333333335
1 0.40884375000000006 0.5519444444444445 0.031851562499999986 0.08012500000000007
1 0.4261953125 0.39613888888888893 0.03559374999999996 0.07748611111111106
1 0.4215703125 0.5313611111111111 0.032289062499999945 0.07777777777777778
3 0.3627734375 0.22066666666666665 0.05997656249999998 0.10701388888888891
1 0.46646875000000004 0.39013888888888887 0.033320312500000074 0.07930555555555559
1 0.3873828125 0.3980138888888889 0.032679687499999985 0.07925000000000008
3 0.42453906249999995 0.6240833333333333 0.04155468750000004 0.11899999999999993