1 0.324609375 0.47430555555555554 0.04609375 0.08333333333333333
1 0.497265625 0.59375 0.0359375 0.08055555555555556
1 0.482421875 0.5513888888888889 0.03203125 0.08194444444444444
1 0.39609375 0.54375 0.04140625 0.08333333333333333
1 0.4078125 0.5881944444444445 0.03671875 0.08194444444444444
1 0.40234375 0.4131944444444444 0.0359375 0.08055555555555556
1 0.483984375 0.4083333333333333 0.0328125 0.07916666666666666
1 0.44453125 0.40555555555555556 0.034375 0.08055555555555556
3 0.4435546875 0.8297916666666667 0.05553124999999994 0.10095833333333341
2 0.596390625 0.6625 0.02265625 0.03781944444444447
2 0.233890625 0.42670833333333336 0.02073437499999997 0.03579166666666664
2 0.30384375 0.6581666666666667 0.021515624999999972 0.03611111111111111
2 0.295015625 0.5665555555555556 0.017546875000000028 0.03836111111111112
2 0.5146640625 0.6619722222222222 0.02289843749999996 0.0375
2 0.4748203125 0.7609027777777778 0.020132812499999986 0.034722222222222224
2 0.44095312499999995 0.6527222222222222 0.01910937500000003 0.03654166666666659
2 0.21935156249999999 0.5298611111111111 0.020554687499999957 0.03793055555555548
2 0.40159374999999997 0.6675277777777778 0.019289062500000044 0.03611111111111111
2 0.619953125 0.5762777777777778 0.026078125000000084 0.04455555555555561
2 0.2317578125 0.5798611111111112 0.01832812500000003 0.03654166666666659
2 0.2657734375 0.4685416666666667 0.01946874999999997 0.03963888888888884
2 0.556546875 0.6291666666666667 0.020250000000000056 0.033541666666666636
2 0.68153125 0.39820833333333333 0.022359374999999914 0.036972222222222226
2 0.336625 0.6095555555555555 0.01953125 0.039000000000000055
3 0.6020078125 0.25306944444444446 0.04877343750000005 0.11468055555555555
0 0.321875 0.5159722222222223 0.04765625 0.08611111111111111
3 0.4543828125 0.602 0.056242187500000006 0.14079166666666668
0 0.322265625 0.5166666666666667 0.04765625 0.08472222222222223
3 0.3942109375 0.8264722222222222 0.05919531250000003 0.08226388888888891
0 0.2325703125 0.2505277777777778 0.03125 0.07586111111111112
2 0.46567968750000005 0.6369027777777778 0.02176562499999992 0.03968055555555562
2 0.4573125 0.6448472222222222 0.01729687500000008 0.035708333333333384
2 0.6023984375 0.5823472222222222 0.015070312499999971 0.03175000000000002
2 0.6760625 0.42609722222222224 0.02064843750000005 0.034722222222222224