2 0.21728125 0.5252638888888889 0.020554687499999957 0.03793055555555548
2 0.226859375 0.575375 0.0216796875 0.03654166666666659
2 0.29774218750000003 0.6931388888888889 0.01953125 0.039000000000000055
2 0.7102578125 0.5064722222222222 0.022398437500000055 0.0335972222222223
2 0.2470546875 0.5561944444444444 0.02003124999999999 0.033736111111111064
2 0.2275390625 0.6176111111111111 0.01930468750000003 0.03676388888888893
2 0.42307812499999997 0.750125 0.024812499999999994 0.04329166666666677
2 0.2507265625 0.6288055555555556 0.019007812500000033 0.03168055555555548
0 0.22650781250000002 0.2460138888888889 0.03271875 0.07899999999999999
2 0.722953125 0.5368611111111111 0.02042968750000007 0.03525
2 0.327640625 0.6874444444444444 0.021937500000000033 0.039791666666666635
2 0.6645234375 0.6343888888888889 0.021140624999999958 0.03350000000000001
2 0.44921875 0.7380972222222222 0.02120312500000008 0.035708333333333384
2 0.43899999999999995 0.7669166666666666 0.01864062499999992 0.029777777777777854
2 0.44692187499999997 0.7736944444444444 0.01975781249999997 0.0359444444444446
2 0.39621093749999997 0.6548611111111111 0.02072656249999998 0.03718055555555553
2 0.5122109375 0.648875 0.0205078125 0.033861111111111106
1 0.5031718749999999 0.5677083333333334 0.03564843750000009 0.08159722222222222
1 0.399640625 0.54975 0.031734375 0.08255555555555548
3 0.6009453125 0.2343472222222222 0.047867187499999984 0.10355555555555555
1 0.51021875 0.5299166666666667 0.038460937500000014 0.0811944444444445
1 0.4187265625 0.521125 0.03627343750000005 0.08431944444444449
1 0.4970390625 0.4021944444444444 0.031804687500000026 0.07236111111111114
3 0.5290625 0.6709166666666666 0.0546875 0.09509722222222218
3 0.369671875 0.5680277777777778 0.049148437499999975 0.1473333333333334
1 0.443640625 0.40730555555555553 0.03219531250000003 0.07440277777777785
1 0.41146093749999996 0.4004583333333333 0.03333593750000001 0.075
2 0.49448437500000003 0.6425694444444444 0.020218750000000084 0.03676388888888893
2 0.3756875 0.6233611111111111 0.017921875000000042 0.03268055555555552