1 0.292578125 0.3854166666666667 0.04609375 0.08888888888888889
1 0.4390625 0.41944444444444445 0.03671875 0.08055555555555556
2 0.45572656250000004 0.7686388888888889 0.023695312499999944 0.03958333333333333
2 0.34581249999999997 0.5805416666666667 0.021351562500000032 0.03448611111111117
2 0.2200546875 0.5339583333333333 0.01732031249999997 0.03448611111111117
2 0.5955703125 0.6649305555555556 0.021875 0.040041666666666725
2 0.562109375 0.7307916666666666 0.021875 0.041208333333333354
3 0.59178125 0.20723611111111112 0.057265624999999966 0.1071527777777778
2 0.5407890625 0.6201527777777778 0.023828125 0.04097222222222222
2 0.3029296875 0.6637777777777778 0.020960937500000033 0.037263888888888944
1 0.274609375 0.3840277777777778 0.04609375 0.08611111111111111
2 0.3374375 0.6144722222222222 0.023304687500000032 0.039124999999999945
2 0.2357421875 0.5805555555555556 0.01861718750000003 0.03194444444444444
2 0.5611015625 0.6216944444444444 0.022789062500000058 0.04259722222222217
2 0.2657578125 0.4684027777777778 0.020835937499999967 0.03680555555555556
0 0.2341796875 0.2722222222222222 0.03189843750000003 0.07870833333333335
3 0.346859375 0.23934722222222224 0.06460937500000004 0.11323611111111115
2 0.2319375 0.41406944444444443 0.015625 0.03125
2 0.23584375 0.4427083333333333 0.0166015625 0.03125
1 0.48567968749999996 0.41990277777777774 0.03177343750000006 0.07315277777777772
3 0.4564296875 0.8450833333333334 0.05348437500000003 0.0811944444444445
2 0.25 0.4270833333333333 0.01785937500000001 0.03273611111111118
2 0.2313046875 0.3819444444444444 0.01617968750000003 0.02976388888888882
0 0.2317734375 0.25231944444444443 0.03021093749999997 0.07129166666666664
1 0.2950546875 0.3620416666666667 0.04114843749999997 0.07777777777777778