2 0.21728125 0.5252638888888889 0.020554687499999957 0.03793055555555548
2 0.226859375 0.575375 0.0216796875 0.03654166666666659
2 0.29774218750000003 0.6931388888888889 0.01953125 0.039000000000000055
2 0.7102578125 0.5064722222222222 0.022398437500000055 0.0335972222222223
2 0.2470546875 0.5561944444444444 0.02003124999999999 0.033736111111111064
2 0.2275390625 0.6176111111111111 0.01930468750000003 0.03676388888888893
2 0.42307812499999997 0.750125 0.024812499999999994 0.04329166666666677
2 0.2507265625 0.6288055555555556 0.019007812500000033 0.03168055555555548
0 0.230671875 0.24972222222222223 0.03271875 0.07899999999999999
2 0.722953125 0.5368611111111111 0.02042968750000007 0.03525
2 0.327640625 0.6874444444444444 0.021937500000000033 0.039791666666666635
2 0.6645234375 0.6343888888888889 0.021140624999999958 0.03350000000000001
2 0.5068828125 0.6517222222222222 0.021875 0.03958333333333333
2 0.447265625 0.7725694444444444 0.0228515625 0.03819444444444445
2 0.44921875 0.7380972222222222 0.02120312500000008 0.035708333333333384
3 0.46934375 0.7903333333333333 0.04799218750000005 0.06388888888888888
1 0.49453125 0.5620416666666667 0.03489843750000006 0.0759305555555555
0 0.43671875 0.42916666666666664 0.0359375 0.07684722222222228