2 0.21728125 0.5252638888888889 0.020554687499999957 0.03793055555555548
2 0.226859375 0.575375 0.0216796875 0.03654166666666659
2 0.297140625 0.6931388888888889 0.02073437499999997 0.039000000000000055
2 0.7102578125 0.5064722222222222 0.022398437500000055 0.0335972222222223
2 0.2465703125 0.5553194444444445 0.02003124999999999 0.033736111111111064
2 0.22650781250000002 0.6176111111111111 0.023828125 0.03676388888888893
2 0.2505234375 0.6299027777777777 0.023531250000000004 0.03679166666666668
2 0.722953125 0.5407222222222222 0.02042968750000007 0.0429722222222223
2 0.327640625 0.6874444444444444 0.021937500000000033 0.039791666666666635
2 0.66459375 0.6358888888888888 0.0228515625 0.03809722222222215
2 0.42153124999999997 0.7473888888888889 0.02364062499999999 0.038305555555555454
2 0.443640625 0.7673611111111112 0.021031250000000057 0.03738888888888899
2 0.5156953125 0.6525972222222223 0.022468749999999992 0.03820833333333332
2 0.475328125 0.7467916666666667 0.023304687499999942 0.04066666666666663
2 0.399203125 0.7291666666666666 0.020953124999999996 0.03426388888888899
3 0.6405937500000001 0.24770833333333334 0.06905468750000007 0.1344166666666667
2 0.43922656250000003 0.6479722222222223 0.02268749999999997 0.04044444444444445
2 0.550296875 0.610125 0.024249999999999973 0.03663888888888888
2 0.39003125 0.6536527777777777 0.022132812499999988 0.03549999999999993
3 0.42310156250000003 0.35720833333333335 0.05810937499999995 0.13108333333333333
0 0.2255859375 0.24479166666666666 0.0322265625 0.0763888888888889
1 0.44848437499999994 0.41233333333333333 0.03564062499999991 0.078125
1 0.5148906249999999 0.5412361111111111 0.03467187500000009 0.07899999999999999
1 0.505859375 0.5798611111111112 0.033203125 0.0763888888888889
1 0.3935546875 0.5759583333333333 0.0322265625 0.07725000000000001
1 0.4150390625 0.5173611111111112 0.03515625 0.08159722222222222
1 0.41186718750000006 0.5460138888888889 0.03368749999999996 0.07291666666666667