2 0.21728125 0.5252638888888889 0.020554687499999957 0.03793055555555548
2 0.226859375 0.575375 0.0216796875 0.03654166666666659
2 0.29774218750000003 0.6931388888888889 0.01953125 0.039000000000000055
2 0.7102578125 0.5064722222222222 0.022398437500000055 0.0335972222222223
2 0.2470546875 0.5561944444444444 0.02003124999999999 0.033736111111111064
2 0.2275390625 0.6176111111111111 0.01930468750000003 0.03676388888888893
2 0.42307812499999997 0.750125 0.024812499999999994 0.04329166666666677
2 0.2507265625 0.6288055555555556 0.019007812500000033 0.03168055555555548
0 0.22650781250000002 0.2460138888888889 0.03271875 0.07899999999999999
2 0.722953125 0.5368611111111111 0.02042968750000007 0.03525
2 0.327640625 0.6874444444444444 0.021937500000000033 0.039791666666666635
2 0.6645234375 0.6343888888888889 0.021140624999999958 0.03350000000000001
2 0.49516406249999995 0.6477638888888889 0.021875 0.03958333333333333
2 0.44921875 0.7380972222222222 0.02120312500000008 0.035708333333333384
1 0.4986171875 0.5624722222222223 0.04193750000000005 0.08175000000000002
2 0.43899999999999995 0.7669166666666666 0.01864062499999992 0.029777777777777854
1 0.4432890625 0.3977083333333334 0.034117187500000055 0.07518055555555556
0 0.2318359375 0.27897222222222223 0.03873437500000003 0.0679861111111111
1 0.5041640625 0.5282361111111111 0.03958593750000006 0.08055555555555556
1 0.48480468749999994 0.40484722222222225 0.03192187499999992 0.07440277777777785
3 0.625890625 0.21822222222222223 0.047734374999999926 0.12708333333333333
2 0.44692187499999997 0.7736944444444444 0.01975781249999997 0.0359444444444446
1 0.4086484375 0.3925416666666667 0.032312499999999966 0.07745833333333331