2 0.6572109375 0.6443055555555556 0.02265625 0.03781944444444447
2 0.28065625 0.6602638888888889 0.021515624999999972 0.03611111111111111
2 0.44370312500000003 0.6561805555555555 0.01899218749999996 0.034527777777777796
2 0.540484375 0.7750277777777778 0.020132812499999986 0.034722222222222224
2 0.21874218750000002 0.5346666666666666 0.020554687499999957 0.03793055555555548
2 0.23114062500000002 0.5827361111111111 0.0216796875 0.03654166666666659
2 0.2487421875 0.5640555555555555 0.01946874999999997 0.03963888888888884
2 0.61778125 0.5713888888888888 0.020687500000000015 0.04588888888888884
2 0.2986171875 0.7039027777777778 0.01953125 0.039000000000000055
2 0.414875 0.7879166666666666 0.020835937500000058 0.03174999999999986
2 0.6789453125 0.3985138888888889 0.02058593749999993 0.03780555555555559
2 0.7279453124999999 0.5131249999999999 0.01960937499999993 0.03261111111111114
2 0.49490625 0.7727083333333333 0.02427343749999995 0.03959722222222221
3 0.57221875 0.20533333333333334 0.07670312500000005 0.09237499999999998
2 0.473625 0.7629027777777777 0.01875 0.032402777777777676
2 0.39171875 0.6720277777777778 0.02028125000000003 0.03780555555555559
0 0.2334453125 0.254125 0.031804687500000026 0.07837500000000001
1 0.439640625 0.4284722222222222 0.03069531249999997 0.07540277777777772
1 0.298828125 0.38829166666666665 0.03962500000000002 0.07308333333333333
2 0.2317421875 0.4324305555555556 0.02003124999999999 0.033736111111111064
1 0.5700937500000001 0.49575 0.04296875 0.08411111111111119
1 0.2838515625 0.39429166666666665 0.03992968750000001 0.07252777777777782
1 0.42274218750000003 0.5443749999999999 0.03818750000000008 0.08101388888888894
1 0.404515625 0.5709861111111111 0.03559374999999996 0.08179166666666665
3 0.6599375000000001 0.1890416666666667 0.04731249999999996 0.1373472222222222
1 0.631296875 0.40008333333333335 0.04383593749999992 0.0748472222222222
1 0.6408437499999999 0.43556944444444445 0.044703125000000024 0.07022222222222214
1 0.576609375 0.5208333333333334 0.04383593749999992 0.08179166666666665
2 0.607421875 0.7256944444444444 0.020398437499999922 0.034722222222222224
3 0.5638046875 0.6620416666666666 0.07378125000000005 0.14505555555555547