2 0.6654609375 0.6367777777777778 0.019187499999999958 0.03704166666666661
2 0.21728125 0.5252638888888889 0.020554687499999957 0.03793055555555548
2 0.226859375 0.575375 0.0216796875 0.03654166666666659
2 0.29871875000000003 0.6931388888888889 0.01953125 0.039000000000000055
2 0.6790078125 0.39131944444444444 0.02058593749999993 0.03780555555555559
2 0.7114609375 0.5064722222222222 0.022398437500000055 0.0335972222222223
2 0.46804687500000003 0.7289166666666668 0.01875 0.032402777777777676
2 0.2470546875 0.5524861111111111 0.02003124999999999 0.033736111111111064
2 0.2290078125 0.615 0.01930468750000003 0.03676388888888893
2 0.6157109375 0.5582222222222223 0.01930468750000003 0.03512499999999995
2 0.4007109375 0.6508333333333334 0.01975781249999997 0.03512499999999995
2 0.2297734375 0.4021111111111111 0.015625 0.03350000000000001
3 0.66325 0.16844444444444445 0.05806249999999995 0.14063888888888887
2 0.2348984375 0.4088611111111111 0.015140624999999996 0.029513888888888888
2 0.2507265625 0.6288055555555556 0.019007812500000033 0.03168055555555548
0 0.2302265625 0.25130555555555556 0.03271875 0.07899999999999999
2 0.5537109375 0.6077222222222223 0.0185546875 0.033166666666666664
2 0.522953125 0.6467083333333333 0.0205078125 0.03298611111111111
2 0.4375 0.6506111111111111 0.0205078125 0.032124999999999994
1 0.6302109375 0.3900416666666666 0.044273437500000054 0.07947222222222226
1 0.57859375 0.5305416666666667 0.03949999999999996 0.08333333333333333
1 0.497609375 0.5721388888888889 0.037757812499999946 0.08411111111111119
1 0.3998125 0.573125 0.036765624999999955 0.08251388888888884
1 0.261234375 0.37543055555555555 0.0380859375 0.07899999999999999
1 0.613 0.39037499999999997 0.04408593750000005 0.08234722222222221
1 0.45660156250000006 0.4075138888888889 0.03203125 0.07363888888888886
1 0.5794140624999999 0.5114722222222222 0.04150781250000009 0.07726388888888888
1 0.5053046875 0.5317500000000001 0.039617187500000026 0.07936111111111109
1 0.4203125 0.5324027777777778 0.034375 0.07962500000000006
1 0.2759453125 0.37897222222222227 0.041851562500000036 0.07737500000000001
1 0.59765625 0.3875 0.04114843750000006 0.07870833333333331
1 0.5783828125 0.3861111111111111 0.0390625 0.07962500000000002
2 0.48775781250000005 0.731013888888889 0.0203125 0.03426388888888899
3 0.48653124999999997 0.44616666666666666 0.05535937499999992 0.14022222222222228
1 0.57734375 0.4837916666666666 0.0421875 0.08055555555555556
1 0.5108828125 0.5044583333333333 0.03403906249999995 0.07241666666666664