2 0.21728125 0.5252638888888889 0.020554687499999957 0.03793055555555548
2 0.226859375 0.575375 0.0216796875 0.03654166666666659
2 0.29774218750000003 0.6931388888888889 0.01953125 0.039000000000000055
2 0.7102578125 0.5064722222222222 0.022398437500000055 0.0335972222222223
2 0.2470546875 0.5561944444444444 0.02003124999999999 0.033736111111111064
2 0.2275390625 0.6176111111111111 0.01930468750000003 0.03676388888888893
2 0.42307812499999997 0.750125 0.024812499999999994 0.04329166666666677
2 0.2507265625 0.6288055555555556 0.019007812500000033 0.03168055555555548
2 0.722953125 0.5368611111111111 0.02042968750000007 0.03525
2 0.327640625 0.6874444444444444 0.021937500000000033 0.039791666666666635
2 0.6652109375 0.6347916666666666 0.020796874999999916 0.03298611111111111
2 0.44921875 0.7380972222222222 0.02120312500000008 0.035708333333333384
2 0.43899999999999995 0.7669166666666666 0.01864062499999992 0.029777777777777854
2 0.46778906249999996 0.7505138888888889 0.02072656249999998 0.03718055555555553
3 0.6451796875 0.25919444444444445 0.08176562500000006 0.14208333333333334
2 0.3922265625 0.6527777777777778 0.017921874999999997 0.03268055555555552
0 0.22683593750000003 0.2465277777777778 0.03332812499999997 0.07394444444444445
1 0.39251562500000003 0.5589444444444445 0.03510937499999996 0.08125
2 0.5538515625 0.6113611111111111 0.019578124999999957 0.03747222222222225
2 0.5145859374999999 0.6458333333333334 0.020835937500000058 0.03426388888888883
2 0.44349218749999997 0.6458333333333334 0.019273437500000056 0.032402777777777836
1 0.51953125 0.5580416666666667 0.04129687499999992 0.08630555555555554
1 0.5109843749999999 0.5065138888888889 0.03662500000000009 0.07899999999999999
1 0.40365624999999994 0.5388611111111111 0.033203125 0.0807361111111111
2 0.446 0.7769583333333333 0.020679687500000023 0.03104166666666654
1 0.44746874999999997 0.4025 0.03875781249999992 0.08169444444444451
3 0.46410937499999994 0.7973055555555555 0.04248437500000009 0.05122222222222238
3 0.371 0.4158333333333333 0.0494140625 0.15574999999999997