2 0.21728125 0.5252638888888889 0.020554687499999957 0.03793055555555548
2 0.226859375 0.575375 0.0216796875 0.03654166666666659
2 0.29774218750000003 0.6931388888888889 0.01953125 0.039000000000000055
2 0.7102578125 0.5064722222222222 0.022398437500000055 0.0335972222222223
2 0.2470546875 0.5561944444444444 0.02003124999999999 0.033736111111111064
2 0.2275390625 0.6176111111111111 0.01930468750000003 0.03676388888888893
2 0.2507265625 0.6288055555555556 0.019007812500000033 0.03168055555555548
2 0.722953125 0.5368611111111111 0.02042968750000007 0.03525
2 0.327640625 0.6874444444444444 0.021937500000000033 0.039791666666666635
2 0.6652109375 0.6347916666666666 0.020796874999999916 0.03298611111111111
2 0.42265625 0.7492083333333333 0.02120312500000008 0.035708333333333384
2 0.43679687500000003 0.7695 0.020203124999999923 0.03069444444444432
3 0.6226171875000001 0.2529027777777778 0.06960156249999994 0.14804166666666663
2 0.388578125 0.6527777777777778 0.017921875000000042 0.03268055555555552
0 0.22683593750000003 0.2465277777777778 0.03332812499999997 0.07394444444444445
1 0.39251562500000003 0.5589444444444445 0.03510937499999996 0.08125
2 0.5538515625 0.6113611111111111 0.019578124999999957 0.03747222222222225
2 0.5145859374999999 0.6458333333333334 0.020835937500000058 0.03426388888888883
2 0.44349218749999997 0.6458333333333334 0.019273437500000056 0.032402777777777836
1 0.51953125 0.5580416666666667 0.04129687499999992 0.08630555555555554
1 0.5109843749999999 0.5065138888888889 0.03662500000000009 0.07899999999999999
1 0.40365624999999994 0.5388611111111111 0.033203125 0.0807361111111111
1 0.49350781250000003 0.4010138888888889 0.038203125000000074 0.07276388888888886
0 0.40834374999999995 0.5106805555555556 0.047218750000000045 0.06666666666666667
3 0.38169531250000005 0.32659722222222226 0.04905468750000001 0.15575000000000003
2 0.4442734375 0.7777777777777778 0.01875 0.027777777777777776
2 0.446875 0.7412083333333332 0.019789062499999944 0.032402777777777676
2 0.46692968749999997 0.7458333333333333 0.0203125 0.03611111111111111
2 0.40546875 0.6574027777777778 0.0171875 0.03704166666666661
1 0.43805468750000004 0.40625 0.03236718750000005 0.07440277777777785
1 0.40150781249999995 0.40129166666666666 0.031804687500000026 0.0763888888888889