2 0.21728125 0.5252638888888889 0.020554687499999957 0.03793055555555548
2 0.226859375 0.575375 0.0216796875 0.03654166666666659
2 0.297140625 0.6931388888888889 0.02073437499999997 0.039000000000000055
2 0.7102578125 0.5064722222222222 0.022398437500000055 0.0335972222222223
2 0.2470546875 0.5561944444444444 0.02003124999999999 0.033736111111111064
2 0.22650781250000002 0.6176111111111111 0.023828125 0.03676388888888893
2 0.2505234375 0.6299027777777777 0.023531250000000004 0.03679166666666668
2 0.722953125 0.5407222222222222 0.02042968750000007 0.0429722222222223
2 0.327640625 0.6874444444444444 0.021937500000000033 0.039791666666666635
2 0.66459375 0.6358888888888888 0.0228515625 0.03809722222222215
2 0.42153124999999997 0.7473888888888889 0.02364062499999999 0.038305555555555454
2 0.4446171875 0.7673611111111112 0.021031250000000057 0.03738888888888899
2 0.515203125 0.6525972222222223 0.022468749999999992 0.03820833333333332
2 0.3805703125 0.6432222222222223 0.0205078125 0.03463888888888896
2 0.475328125 0.7467916666666667 0.023304687499999942 0.04066666666666663
2 0.399203125 0.7291666666666666 0.020953124999999996 0.03426388888888899
3 0.47896875000000005 0.13833333333333334 0.06905468750000007 0.13441666666666668
2 0.43922656250000003 0.6479722222222223 0.02268749999999997 0.04044444444444445
2 0.45874218750000006 0.6452222222222223 0.021000000000000085 0.03870833333333334
2 0.4716875 0.7993611111111111 0.024249999999999973 0.03663888888888904
3 0.4197265625 0.6557638888888888 0.05744531249999998 0.07077777777777783
2 0.403703125 0.6649305555555556 0.022132812499999988 0.03549999999999993
3 0.2231484375 0.242625 0.04296875 0.13108333333333333