2 0.2352890625 0.4305555555555556 0.017445312500000032 0.03611111111111111
2 0.6873671875 0.4148472222222222 0.021617187500000058 0.03477777777777773
2 0.302953125 0.6614861111111111 0.01978906250000003 0.0365694444444445
2 0.5182265625 0.6638888888888889 0.022132812499999942 0.0365694444444445
2 0.5625 0.7317083333333334 0.021617187500000058 0.03795833333333323
2 0.220703125 0.5340277777777778 0.020054687499999967 0.03704166666666661
2 0.5951796875 0.6625 0.01875 0.03704166666666661
2 0.2359375 0.5798611111111112 0.016148437499999967 0.031013888888888945
2 0.44205468750000004 0.660875 0.021617187500000058 0.03611111111111111
2 0.336203125 0.6097222222222223 0.02239843749999997 0.0375
2 0.5545546875 0.6298611111111111 0.021351562499999942 0.03565277777777772
2 0.2658828125 0.47129166666666666 0.02057031250000003 0.03565277777777772
2 0.6881484375 0.34329166666666666 0.0203125 0.036569444444444425
2 0.28997656250000003 0.5666666666666667 0.0203125 0.0375
2 0.40078125 0.6676527777777778 0.021429687500000006 0.03611111111111111
0 0.23275 0.2552083333333333 0.029296875 0.07754166666666665
2 0.455078125 0.7668611111111111 0.01841406249999995 0.035708333333333384
1 0.6431328125 0.39484722222222224 0.04520312499999992 0.07936111111111109
1 0.501671875 0.5977222222222223 0.03682812500000008 0.08036111111111113
1 0.39453125 0.5848194444444444 0.037945312499999995 0.08431944444444449
1 0.3175234375 0.4970277777777778 0.045757812500000036 0.08134722222222229
1 0.2745546875 0.37897222222222227 0.043523437500000026 0.07737500000000001
1 0.45228906249999995 0.42509722222222224 0.03515625 0.0763888888888889
1 0.29296875 0.38316666666666666 0.040898437500000016 0.08006944444444442
1 0.3357109375 0.4820277777777778 0.04182031249999998 0.08169444444444451
1 0.40946875 0.5575972222222223 0.03860156250000002 0.08577777777777776
1 0.5114921875 0.5579999999999999 0.035843750000000084 0.07679166666666662
1 0.6208671875 0.39787500000000003 0.045039062500000074 0.08006944444444442
3 0.6074296875 0.16480555555555554 0.055953124999999916 0.12358333333333336
3 0.5239296875 0.3374722222222222 0.059914062500000045 0.14634722222222218