2 0.6650234375 0.6410277777777778 0.02265625 0.03781944444444447
2 0.21874218750000002 0.5240416666666666 0.020554687499999957 0.03793055555555548
2 0.2293046875 0.5753888888888888 0.0216796875 0.03654166666666659
2 0.299078125 0.6875694444444445 0.01953125 0.039000000000000055
2 0.41165624999999995 0.7772916666666666 0.020835937500000058 0.03174999999999986
2 0.6789453125 0.3985138888888889 0.02058593749999993 0.03780555555555559
2 0.72840625 0.5106805555555556 0.01960937499999993 0.03261111111111114
2 0.49421875000000004 0.7612777777777778 0.021976562500000085 0.03469444444444447
2 0.47592187499999994 0.7530972222222222 0.01875 0.032402777777777676
2 0.3972343749999999 0.6614166666666667 0.020281249999999983 0.03780555555555559
2 0.23128125000000002 0.42426388888888894 0.02003124999999999 0.033736111111111064
2 0.5715390625000001 0.7108194444444444 0.020835937500000058 0.03587500000000006
3 0.24196093749999997 0.23652777777777778 0.052851562499999984 0.13152777777777777
3 0.24792968750000002 0.46855555555555556 0.05192968750000002 0.12337500000000005
2 0.6061640625 0.7185416666666667 0.01930468750000003 0.03676388888888893
2 0.6167265625 0.5641388888888889 0.01930468750000003 0.03512499999999995
2 0.538828125 0.7643055555555555 0.01975781249999997 0.03512499999999995
2 0.228859375 0.3925694444444444 0.015625 0.03350000000000001