0 0.2344375 0.2568333333333333 0.0322265625 0.0763888888888889
2 0.23455468750000003 0.5812777777777778 0.023093749999999958 0.03831944444444449
2 0.219203125 0.5339166666666667 0.022953124999999998 0.040805555555555546
2 0.5965390625 0.6587361111111112 0.0234375 0.041666666666666664
2 0.518296875 0.6704861111111111 0.02399218750000003 0.03869444444444446
2 0.303015625 0.6602222222222223 0.0234375 0.04265277777777783
3 0.4787265625 0.7471944444444445 0.043289062500000065 0.1245277777777778
2 0.6875 0.4157361111111111 0.019789062499999944 0.03704166666666661
2 0.45260156250000005 0.7393472222222223 0.023960937500000057 0.04722222222222222
2 0.6188984375000001 0.5833333333333334 0.020023437500000085 0.03819444444444445
2 0.3046875 0.5737916666666667 0.0205078125 0.043402777777777776
2 0.55440625 0.6319444444444444 0.02288281249999997 0.037694444444444426
2 0.44252343749999995 0.6592222222222222 0.02232031249999995 0.036708333333333266
2 0.6424453125 0.5101805555555555 0.022398437500000055 0.03518055555555561
1 0.6428203124999999 0.4318611111111111 0.04639062500000009 0.0807361111111111
1 0.59375 0.5916666666666667 0.040625 0.08333333333333333
1 0.5015625 0.6074027777777777 0.03541406249999994 0.07962500000000006
1 0.39296875 0.5888888888888889 0.040101562499999986 0.0851805555555556
0 0.3094296875 0.5188472222222222 0.04520312500000001 0.07936111111111109
1 0.6243671875000001 0.4388888888888889 0.04635156249999994 0.08148611111111105
1 0.571875 0.5634305555555555 0.03853906249999994 0.08611111111111111
1 0.4809609375 0.563375 0.033203125 0.078125
1 0.41245312500000003 0.5620972222222222 0.03630468750000002 0.08006944444444442
3 0.6322109375 0.21243055555555554 0.052820312499999925 0.15166666666666664
1 0.346875 0.5129583333333333 0.04271093749999997 0.08333333333333333
1 0.44888281250000006 0.42777777777777776 0.03333593750000006 0.08095833333333328
2 0.39896093750000006 0.6625 0.018750000000000044 0.03795833333333339
1 0.6091015625 0.43625 0.048710937499999926 0.08169444444444451
3 0.4929453125 0.7040972222222222 0.044546874999999986 0.1469583333333334
1 0.57659375 0.5346527777777778 0.0390625 0.08247222222222221
2 0.5632343750000001 0.7278611111111111 0.023929687500000085 0.037333333333333406
0 0.62890625 0.2756111111111111 0.03515625 0.08420833333333333
3 0.5500468749999999 0.29365277777777776 0.07177343749999991 0.13591666666666669