2 0.21728125 0.5252638888888889 0.020554687499999957 0.03793055555555548
2 0.226859375 0.575375 0.0216796875 0.03654166666666659
2 0.29774218750000003 0.6931388888888889 0.01953125 0.039000000000000055
2 0.7102578125 0.5064722222222222 0.022398437500000055 0.0335972222222223
2 0.4669609375 0.7316944444444445 0.02092187499999998 0.032402777777777676
2 0.2470546875 0.5561944444444444 0.02003124999999999 0.033736111111111064
2 0.2275390625 0.6176111111111111 0.01930468750000003 0.03676388888888893
2 0.42307812499999997 0.750125 0.024812499999999994 0.04329166666666677
2 0.2507265625 0.6288055555555556 0.019007812500000033 0.03168055555555548
0 0.2302265625 0.25130555555555556 0.03271875 0.07899999999999999
2 0.48678125000000005 0.737 0.0203125 0.04449999999999995
2 0.4775390625 0.7663749999999999 0.02176562499999992 0.03670833333333342
2 0.722953125 0.5368611111111111 0.02042968750000007 0.03525
2 0.327640625 0.6874444444444444 0.021937500000000033 0.039791666666666635
2 0.6645234375 0.6343888888888889 0.021140624999999958 0.03350000000000001
3 0.5966015625 0.22255555555555556 0.04893750000000008 0.14162500000000003
1 0.5026875000000001 0.5677083333333334 0.04247656249999991 0.08334722222222221
1 0.504046875 0.5289583333333334 0.03531250000000004 0.0731944444444445
2 0.5183125000000001 0.6506111111111111 0.021000000000000085 0.03559722222222222
2 0.4599609375 0.7673611111111112 0.01953125 0.03125
1 0.48864062500000005 0.5097222222222222 0.03300000000000001 0.07193055555555551
1 0.4874609375 0.4078888888888889 0.03412500000000005 0.07602777777777779
1 0.4461328125 0.4097222222222222 0.03453906250000003 0.07674999999999998
1 0.40149999999999997 0.40311111111111114 0.03047656249999999 0.07163888888888895
3 0.3774453125 0.35720833333333335 0.0498046875 0.12934722222222222