2 0.21728125 0.5252638888888889 0.020554687499999957 0.03793055555555548
2 0.226859375 0.575375 0.0216796875 0.03654166666666659
2 0.29774218750000003 0.6931388888888889 0.01953125 0.039000000000000055
2 0.7102578125 0.5064722222222222 0.022398437500000055 0.0335972222222223
2 0.2470546875 0.5561944444444444 0.02003124999999999 0.033736111111111064
2 0.2275390625 0.6176111111111111 0.01930468750000003 0.03676388888888893
2 0.42307812499999997 0.750125 0.024812499999999994 0.04329166666666677
2 0.2507265625 0.6288055555555556 0.019007812500000033 0.03168055555555548
0 0.22650781250000002 0.2460138888888889 0.03271875 0.07899999999999999
2 0.722953125 0.5368611111111111 0.02042968750000007 0.03525
2 0.327640625 0.6874444444444444 0.021937500000000033 0.039791666666666635
2 0.6645234375 0.6343888888888889 0.023093749999999958 0.03870833333333334
2 0.44921875 0.7380972222222222 0.02120312500000008 0.035708333333333384
2 0.43899999999999995 0.7669166666666666 0.01864062499999992 0.029777777777777854
2 0.44692187499999997 0.7736944444444444 0.01975781249999997 0.0359444444444446
2 0.46778906249999996 0.7505138888888889 0.02072656249999998 0.03718055555555553
3 0.6387968749999999 0.21104166666666666 0.051664062499999906 0.1282638888888889
2 0.5527265625 0.6039444444444444 0.02146093750000002 0.040333333333333284
1 0.44136718750000004 0.41023611111111113 0.031648437499999994 0.0753055555555556
2 0.3922265625 0.6527777777777778 0.017921874999999997 0.03268055555555552
0 0.2336875 0.24183333333333334 0.029875000000000006 0.07679166666666669
1 0.3903828125 0.5594583333333334 0.036625 0.0807361111111111
1 0.5083046875 0.5625 0.0361328125 0.078125
1 0.5069765625 0.5362083333333333 0.03515625 0.08234722222222217
1 0.3923359375 0.5299444444444444 0.036625 0.07726388888888888
2 0.509765625 0.6484444444444445 0.021484375 0.034722222222222224
2 0.4376796875 0.6469305555555556 0.021000000000000085 0.03559722222222222
1 0.5170234375 0.5133888888888889 0.03627343750000005 0.07837499999999993
1 0.525390625 0.48456944444444444 0.032554687500000054 0.07716666666666659
3 0.5013046875 0.4340277777777778 0.05121874999999996 0.12886111111111107