2 0.21728125 0.5252638888888889 0.020554687499999957 0.03793055555555548
2 0.226859375 0.575375 0.0216796875 0.03654166666666659
2 0.29774218750000003 0.6931388888888889 0.01953125 0.039000000000000055
2 0.7102578125 0.5064722222222222 0.022398437500000055 0.0335972222222223
2 0.46804687500000003 0.7316944444444445 0.01875 0.032402777777777676
2 0.2470546875 0.5561944444444444 0.02003124999999999 0.033736111111111064
2 0.2275390625 0.6176111111111111 0.01930468750000003 0.03676388888888893
2 0.42307812499999997 0.750125 0.024812499999999994 0.04329166666666677
2 0.2507265625 0.6288055555555556 0.019007812500000033 0.03168055555555548
0 0.2302265625 0.25130555555555556 0.03271875 0.07899999999999999
2 0.48678125000000005 0.7318888888888889 0.0203125 0.03426388888888899
2 0.4775390625 0.7663749999999999 0.02176562499999992 0.03670833333333342
2 0.722953125 0.5368611111111111 0.02042968750000007 0.03525
2 0.327640625 0.6874444444444444 0.021937500000000033 0.039791666666666635
2 0.6645234375 0.6343888888888889 0.021140624999999958 0.03350000000000001
1 0.4979296875 0.5678055555555556 0.03814062499999995 0.07843055555555559
2 0.510359375 0.6409305555555556 0.021140624999999958 0.03512499999999995
1 0.49682812500000006 0.5369583333333333 0.03135156250000008 0.07170833333333333
3 0.46507812499999995 0.8240277777777777 0.0419921875 0.05694444444444444
3 0.430984375 0.32315277777777773 0.05676562500000006 0.14999999999999997
0 0.49088281250000004 0.4092638888888889 0.04635156249999994 0.08147222222222218
3 0.61875 0.22916666666666666 0.03958593750000006 0.15093055555555557
1 0.4494765625 0.3935138888888889 0.036460937500000054 0.09073611111111113