2 0.2352890625 0.4305555555555556 0.017445312500000032 0.03611111111111111
2 0.6873671875 0.4152777777777778 0.021617187500000058 0.03565277777777772
2 0.302953125 0.6614861111111111 0.01978906250000003 0.0365694444444445
2 0.5182265625 0.6638888888888889 0.022132812499999942 0.0365694444444445
3 0.6268125 0.18956944444444446 0.06458593750000005 0.13125
2 0.5625 0.7317083333333334 0.021617187500000058 0.03795833333333323
2 0.220703125 0.5340277777777778 0.020054687499999967 0.03704166666666661
2 0.5951796875 0.6625 0.01875 0.03704166666666661
2 0.2359375 0.5798611111111112 0.016148437499999967 0.031013888888888945
2 0.44205468750000004 0.660875 0.021617187500000058 0.03611111111111111
2 0.336203125 0.6097222222222223 0.02239843749999997 0.0375
2 0.5545546875 0.6298611111111111 0.021351562499999942 0.03565277777777772
2 0.2658828125 0.47129166666666666 0.02057031250000003 0.03565277777777772
2 0.6881484375 0.34329166666666666 0.0203125 0.036569444444444425
2 0.28997656250000003 0.5666666666666667 0.0203125 0.0375
3 0.3924140625 0.6626944444444445 0.051562499999999956 0.09166666666666666
0 0.23275 0.2552083333333333 0.029296875 0.07754166666666665
2 0.6163515625 0.5818472222222222 0.01953125 0.034722222222222224